Jeremy Glebe <jeremyglebe@gmail.com>                                     
CMPS 5243 Algorithm Analysis, Dr. Halverson                              
3/24/2020                                                                
Generates an array of values to be inserted into a hash table. Computes  
average number of probes needed to place an element into the hash table  
through two collision resolution policies. (linear and double)           

Arguments passed for manual entry. Running now...

High Load Factor (96/101): Linear Probing
Index __________________________________________________
   0 |  5858 16767 23029  3233 27776 18993 24549  1922
   8 | 15663 30208 30310 17787  6072 24455 24859 13953
  16 | 28685 29206 14966 13250 18200  1031 25070 24364
  24 |  7493 21325  2650 [   ] 11340  8210 [   ] 17201
  32 | 24575 17605  1852 24981 24175  9834 10238  9831
  40 |  8928 20342 28625 31148 17112 30344   541 27418
  48 | 30853 25096 15789 17120 24696 28838 20456 14586
  56 | 19229  6915  5108  6716 23492  4202  5718  5113
  64 | 23897 20058 23801  3904 [   ]  2493 31783 14514
  72 | 20776  8758 18250 29567 16034  9571 12496 31894
  80 | 24724 25735 16646 27050 17048 18260  9276  3212
  88 | 25231 30890 26855 20694  1403 20593  3023 28264
  96 | 28073 21004 [   ] 14845 [   ]
Average # of Probes: 3.062

High Load Factor (96/101): Double Hashing
Index __________________________________________________
   0 |  4949 27534 18586  3833 27577   308  1117 19565
   8 | 30712 29602 26365 26972 21323  6982 19507 31925
  16 | 21930 26479 [   ] 30218  7892 22241  8405 10729
  24 | 15674 27800 24973  5178  7603 25681 29724 14969
  32 | 25745 [   ]  5387  3772   137 15288 16897 27612
  40 |  8120 16688 31451  9382  5801   247  9294 26004
  48 | [   ]  7321  5999 20136 23474 26919  9950  6317
  56 |  5914  7531 16319  7732 [   ] 20160 13596 19556
  64 | 22486 25618 14408  9751 19662 21986   979  6636
  72 | 27241 22293 20072 16532 15122 10977 12274  7584
  80 |  9675 16423  2506  4699 30784 23214 [   ] 26549
  88 | 20995  5846 22108 13193 27661 25424  8766  6519
  96 | 25649 22308 15349  8139   403
Average # of Probes: 2.833

