31836
21691
21469
9768
18147
18898
19921
9953
2622
31599
24880
8798
27696
30870
8191
25961
15857
26357
3394
19132
987
15303
602
23308
9574
31736
32401
11846
22870
18314
5364
29209
8755
13367
27745
14772
28410
15192
1504
31441
13330
16133
15670
23538
4225
27262
14264
14314
21344
29129
13662
31392
30092
29853
30744
15120
23455
2175
13669
13970
29727
11819
17953
4447
1525
13877
2206
81
17184
22768
10487
16362
29610
1423
17313
31896
19675
11402
5699
4151
18606
2372
13000
14552
4481
12010
26802
11457
22032
23710
22705
12213
6564
23765
26228
3445
21640
29693
31935
7558
30909
8804
22462
13365
12014
15701
18841
9433
24486
9092
11592
14680
23745
4267
31657
17132
16161
21622
14031
10279
19618
28829
8093
5173
31311
25167
27028
11106
24278
6871
24810
26843
10553
27514
14044
2489
28615
26782
26693
10555
27467
2098
29294
29267
29315
32585
18984
2661
18899
8968
18712
6475
6971
20675
1363
4764
10887
8547
18219
9262
6597
27659
4424
28121
20988
23547
26238
25627
7604
31949
4680
30256
26460
24414
28210
4314
24677
7278
13514
24833
11370
2613
24628
16836
7513
18680
3441
8883
20695
31454
9442
7743
15584
11776
27655
21614
28590
11455
25741
24020
1757
10330
7304
27326
8652
29120
21501
25264
21318
13474
7075
6162
22114
26829
20714
25638
2727
28087
6973
16189
31604
1111
20100
10539
30367
6970
22254
30200
30301
8404
4589
21208
25186
20500
14466
5981
27721
11067
16058
14060
2869
6381
19577
26222
23225
22408
13174
19015
24821
15030
1671
16524
2
26430
13855
7024
5777
288
22036
24576
5070
32736
28838
23825
651
7458
2750
11894
20378
4471
15731
118
20346
4983
2258
10109
18231
19728
17375
24593
31883
15133
19927
19208
4425
11066
25784
31224
11771
19415
17667
8176
16330
652
30401
14949
19871
31916
27588
18031
10376
11805
21295
22070
31581
12903
17977
6822
32163
17418
12845
