31774
14079
9730
11317
18778
9826
26320
35
16582
17340
27690
7961
274
11402
12523
24217
30603
3958
1378
30916
13468
16077
10232
21103
27029
18227
20755
26488
29612
24214
13882
20826
6210
16224
18553
7168
22119
17393
12807
23767
29087
22092
22310
16423
6630
2064
24139
163
21747
26283
895
32063
3258
24522
15109
24897
26420
18963
26429
4763
19298
26135
9672
23160
14224
27522
30701
31765
19671
30357
19003
11730
13285
27095
8048
10377
16129
6151
25242
16670
27977
19028
9340
16471
13118
30417
18483
27886
11395
15139
25370
31717
6882
28540
21482
23322
22160
26062
21798
2587
5042
10552
3766
30011
8479
20933
27345
1766
1128
16469
12833
25393
5910
22235
13090
437
2354
201
30924
6558
27915
8137
21617
5119
12339
12462
16104
30825
9675
15530
21739
1979
1536
27329
29374
31035
1750
17789
13073
3558
29221
2276
21800
28165
23776
3239
20025
1281
25501
7836
2582
20344
4178
24942
7947
20368
19805
916
30986
7052
2504
25215
16389
15005
29386
28184
32156
17402
26257
24681
17912
29746
1086
7578
26615
11457
32050
20512
26761
4578
2952
5425
19802
15013
12770
19835
31409
10049
10345
26133
10392
29099
6927
11702
13117
27752
7448
2597
19096
9119
30168
8688
17742
29810
10942
20065
6869
11918
27281
27054
18649
29697
15866
19824
10207
19277
8515
5462
29481
6074
27486
31259
2009
27632
9769
22709
8025
27332
15344
14800
2297
10835
7731
28026
9946
19789
18858
3872
12812
18068
19335
1465
2547
31494
11259
21569
4847
13718
25083
20073
26683
8610
13380
1421
25878
16257
11165
486
18721
1883
31324
7169
31753
11837
32043
2671
13413
16748
14604
30655
1506
3066
31387
13481
6813
31384
31379
23180
7120
11156
29211
3505
18850
5412
29266
8855
25990
24563
11184
18783
6098
30563
29600
31502
18822
25671
9272
2999
6007
17643
17445
672
23017
1622
27366
15776
19039
17099
13625
25547
15282
