11 11
163 73 164 163 73 164 163 73 164 163 73 164 163 73 164 22 146 38 237 28 36 237 28 36 237 28 36 237 28 36 237 28 36 
163 73 164 163 73 164 163 73 164 163 73 164 163 73 164 22 146 38 237 28 36 237 28 36 237 28 36 237 28 36 237 28 36 
163 73 164 163 73 164 163 73 164 163 73 164 163 73 164 22 146 38 237 28 36 237 28 36 237 28 36 237 28 36 237 28 36 
163 73 164 163 73 164 163 73 164 163 73 164 163 73 164 22 146 38 237 28 36 237 28 36 237 28 36 237 28 36 237 28 36 
163 73 164 163 73 164 163 73 164 163 73 164 163 73 164 22 146 38 237 28 36 237 28 36 237 28 36 237 28 36 237 28 36 
22 146 38 22 146 38 22 146 38 22 146 38 22 146 38 22 146 38 22 146 38 22 146 38 22 146 38 22 146 38 22 146 38 
0 162 232 0 162 232 0 162 232 0 162 232 0 162 232 22 146 38 255 242 0 255 242 0 255 242 0 255 242 0 255 242 0 
0 162 232 0 162 232 0 162 232 0 162 232 0 162 232 22 146 38 255 242 0 255 242 0 255 242 0 255 242 0 255 242 0 
0 162 232 0 162 232 0 162 232 0 162 232 0 162 232 22 146 38 255 242 0 255 242 0 255 242 0 255 242 0 255 242 0 
0 162 232 0 162 232 0 162 232 0 162 232 0 162 232 22 146 38 255 242 0 255 242 0 255 242 0 255 242 0 255 242 0 
0 162 232 0 162 232 0 162 232 0 162 232 0 162 232 22 146 38 255 242 0 255 242 0 255 242 0 255 242 0 255 242 0 
