    A  B  C  D  E  F  G  H 
 A  0  1  1  0  0  0  0  0 
 B  1  0  0  1  1  0  0  0 
 C  1  0  0  0  0  1  1  0 
 D  0  1  0  0  0  0  0  0 
 E  0  1  0  0  0  0  0  1 
 F  0  0  1  0  0  0  0  0 
 G  0  0  1  0  0  0  0  0 
 H  0  0  0  0  1  0  0  0 

    1  2  3  4  5  6  7  8  9  10
 1  0  0  0  1  1  0  0  0  1  0 
 2  0  0  0  1  0  1  0  0  0  0 
 3  0  0  0  0  1  0  0  1  0  1 
 4  1  1  0  0  1  0  0  0  0  1 
 5  1  0  1  1  0  0  0  1  0  0 
 6  0  1  0  0  0  0  0  1  1  0 
 7  0  0  0  0  0  0  0  1  0  0 
 8  0  0  1  0  1  1  1  0  0  0 
 9  1  0  0  0  0  1  0  0  0  0 
 10 0  0  1  1  0  0  0  0  0  0 

    5  9  11 13 18 19 23 24 26
 5  0  0  0  1  0  0  0  0  0 
 9  0  0  0  0  1  1  0  0  1 
 11 0  0  0  0  0  0  0  0  1 
 13 1  0  0  0  0  1  0  0  0 
 18 0  1  0  0  0  0  0  0  1 
 19 0  1  0  1  0  0  0  0  0 
 23 0  0  0  0  0  0  0  1  0 
 24 0  0  0  0  0  0  1  0  0 
 26 0  1  1  0  1  0  0  0  0 

